1 0.13531468531468532 0.25235849056603776 0.1825174825174825 0.3474842767295597
1 0.13531468531468532 0.25235849056603776 0.1825174825174825 0.3474842767295597
1 0.13531468531468532 0.25235849056603776 0.1825174825174825 0.3474842767295597
1 0.13531468531468532 0.25235849056603776 0.1825174825174825 0.3474842767295597
1 0.13531468531468532 0.25235849056603776 0.1825174825174825 0.3474842767295597
1 0.13531468531468532 0.25235849056603776 0.1825174825174825 0.3474842767295597
1 0.13531468531468532 0.25235849056603776 0.1825174825174825 0.3474842767295597
1 0.13531468531468532 0.25235849056603776 0.1825174825174825 0.3474842767295597
1 0.13531468531468532 0.25235849056603776 0.1825174825174825 0.3474842767295597
1 0.13531468531468532 0.25235849056603776 0.1825174825174825 0.3474842767295597
