0 0.7396153846153846 0.605080831408776 0.16846153846153847 0.74364896073903
0 0.7396153846153846 0.605080831408776 0.16846153846153847 0.74364896073903
0 0.7396153846153846 0.605080831408776 0.16846153846153847 0.74364896073903
0 0.7396153846153846 0.605080831408776 0.16846153846153847 0.74364896073903
0 0.7396153846153846 0.605080831408776 0.16846153846153847 0.74364896073903
0 0.7396153846153846 0.605080831408776 0.16846153846153847 0.74364896073903
0 0.7396153846153846 0.605080831408776 0.16846153846153847 0.74364896073903
0 0.7396153846153846 0.605080831408776 0.16846153846153847 0.74364896073903
0 0.7396153846153846 0.605080831408776 0.16846153846153847 0.74364896073903
0 0.7396153846153846 0.605080831408776 0.16846153846153847 0.74364896073903
0 0.7396153846153846 0.605080831408776 0.16846153846153847 0.74364896073903
