0 0.11119791666666666 0.7503943217665615 0.11197916666666667 0.48186119873817035
0 0.11119791666666666 0.7503943217665615 0.11197916666666667 0.48186119873817035
0 0.11119791666666666 0.7503943217665615 0.11197916666666667 0.48186119873817035
0 0.11119791666666666 0.7503943217665615 0.11197916666666667 0.48186119873817035
0 0.11119791666666666 0.7503943217665615 0.11197916666666667 0.48186119873817035
0 0.11119791666666666 0.7503943217665615 0.11197916666666667 0.48186119873817035
0 0.11119791666666666 0.7503943217665615 0.11197916666666667 0.48186119873817035
0 0.11119791666666666 0.7503943217665615 0.11197916666666667 0.48186119873817035
0 0.11119791666666666 0.7503943217665615 0.11197916666666667 0.48186119873817035
0 0.11119791666666666 0.7503943217665615 0.11197916666666667 0.48186119873817035
0 0.11119791666666666 0.7503943217665615 0.11197916666666667 0.48186119873817035
0 0.11119791666666666 0.7503943217665615 0.11197916666666667 0.48186119873817035
0 0.11119791666666666 0.7503943217665615 0.11197916666666667 0.48186119873817035
0 0.11119791666666666 0.7503943217665615 0.11197916666666667 0.48186119873817035
0 0.11119791666666666 0.7503943217665615 0.11197916666666667 0.48186119873817035
0 0.11119791666666666 0.7503943217665615 0.11197916666666667 0.48186119873817035
0 0.11119791666666666 0.7503943217665615 0.11197916666666667 0.48186119873817035
