0 0.146875 0.5194444444444445 0.234375 0.9611111111111111
0 0.146875 0.5194444444444445 0.234375 0.9611111111111111
0 0.146875 0.5194444444444445 0.234375 0.9611111111111111
0 0.146875 0.5194444444444445 0.234375 0.9611111111111111
0 0.146875 0.5194444444444445 0.234375 0.9611111111111111
0 0.146875 0.5194444444444445 0.234375 0.9611111111111111
0 0.146875 0.5194444444444445 0.234375 0.9611111111111111
0 0.146875 0.5194444444444445 0.234375 0.9611111111111111
0 0.146875 0.5194444444444445 0.234375 0.9611111111111111
0 0.146875 0.5194444444444445 0.234375 0.9611111111111111
0 0.146875 0.5194444444444445 0.234375 0.9611111111111111
0 0.146875 0.5194444444444445 0.234375 0.9611111111111111
