0 0.06894469934798358 0.696376811594203 0.1374064235691862 0.6072463768115942
0 0.06894469934798358 0.696376811594203 0.1374064235691862 0.6072463768115942
0 0.06894469934798358 0.696376811594203 0.1374064235691862 0.6072463768115942
0 0.06894469934798358 0.696376811594203 0.1374064235691862 0.6072463768115942
0 0.06894469934798358 0.696376811594203 0.1374064235691862 0.6072463768115942
0 0.06894469934798358 0.696376811594203 0.1374064235691862 0.6072463768115942
0 0.06894469934798358 0.696376811594203 0.1374064235691862 0.6072463768115942
0 0.06894469934798358 0.696376811594203 0.1374064235691862 0.6072463768115942
0 0.06894469934798358 0.696376811594203 0.1374064235691862 0.6072463768115942
0 0.06894469934798358 0.696376811594203 0.1374064235691862 0.6072463768115942
0 0.06894469934798358 0.696376811594203 0.1374064235691862 0.6072463768115942
0 0.06894469934798358 0.696376811594203 0.1374064235691862 0.6072463768115942
0 0.06894469934798358 0.696376811594203 0.1374064235691862 0.6072463768115942
0 0.06894469934798358 0.696376811594203 0.1374064235691862 0.6072463768115942
0 0.06894469934798358 0.696376811594203 0.1374064235691862 0.6072463768115942
0 0.06894469934798358 0.696376811594203 0.1374064235691862 0.6072463768115942
0 0.06894469934798358 0.696376811594203 0.1374064235691862 0.6072463768115942
0 0.06894469934798358 0.696376811594203 0.1374064235691862 0.6072463768115942
0 0.06894469934798358 0.696376811594203 0.1374064235691862 0.6072463768115942
0 0.06894469934798358 0.696376811594203 0.1374064235691862 0.6072463768115942
