0 0.71640625 0.6795774647887324 0.1578125 0.6408450704225352
0 0.71640625 0.6795774647887324 0.1578125 0.6408450704225352
0 0.71640625 0.6795774647887324 0.1578125 0.6408450704225352
0 0.71640625 0.6795774647887324 0.1578125 0.6408450704225352
0 0.71640625 0.6795774647887324 0.1578125 0.6408450704225352
0 0.71640625 0.6795774647887324 0.1578125 0.6408450704225352
0 0.71640625 0.6795774647887324 0.1578125 0.6408450704225352
0 0.71640625 0.6795774647887324 0.1578125 0.6408450704225352
0 0.71640625 0.6795774647887324 0.1578125 0.6408450704225352
0 0.71640625 0.6795774647887324 0.1578125 0.6408450704225352
0 0.71640625 0.6795774647887324 0.1578125 0.6408450704225352
0 0.71640625 0.6795774647887324 0.1578125 0.6408450704225352
0 0.71640625 0.6795774647887324 0.1578125 0.6408450704225352
0 0.71640625 0.6795774647887324 0.1578125 0.6408450704225352
0 0.71640625 0.6795774647887324 0.1578125 0.6408450704225352
0 0.71640625 0.6795774647887324 0.1578125 0.6408450704225352
0 0.71640625 0.6795774647887324 0.1578125 0.6408450704225352
0 0.71640625 0.6795774647887324 0.1578125 0.6408450704225352
0 0.71640625 0.6795774647887324 0.1578125 0.6408450704225352
