0 0.06266602269983096 0.7036231884057971 0.12484907027288095 0.5927536231884057
0 0.06266602269983096 0.7036231884057971 0.12484907027288095 0.5927536231884057
0 0.06266602269983096 0.7036231884057971 0.12484907027288095 0.5927536231884057
0 0.06266602269983096 0.7036231884057971 0.12484907027288095 0.5927536231884057
0 0.06266602269983096 0.7036231884057971 0.12484907027288095 0.5927536231884057
0 0.06266602269983096 0.7036231884057971 0.12484907027288095 0.5927536231884057
0 0.06266602269983096 0.7036231884057971 0.12484907027288095 0.5927536231884057
0 0.06266602269983096 0.7036231884057971 0.12484907027288095 0.5927536231884057
0 0.06266602269983096 0.7036231884057971 0.12484907027288095 0.5927536231884057
0 0.06266602269983096 0.7036231884057971 0.12484907027288095 0.5927536231884057
0 0.06266602269983096 0.7036231884057971 0.12484907027288095 0.5927536231884057
0 0.06266602269983096 0.7036231884057971 0.12484907027288095 0.5927536231884057
0 0.06266602269983096 0.7036231884057971 0.12484907027288095 0.5927536231884057
0 0.06266602269983096 0.7036231884057971 0.12484907027288095 0.5927536231884057
0 0.06266602269983096 0.7036231884057971 0.12484907027288095 0.5927536231884057
0 0.06266602269983096 0.7036231884057971 0.12484907027288095 0.5927536231884057
0 0.06266602269983096 0.7036231884057971 0.12484907027288095 0.5927536231884057
