0 0.947509765625 0.46614173228346456 0.10498046875 0.7338582677165354
0 0.947509765625 0.46614173228346456 0.10498046875 0.7338582677165354
0 0.947509765625 0.46614173228346456 0.10498046875 0.7338582677165354
0 0.947509765625 0.46614173228346456 0.10498046875 0.7338582677165354
0 0.947509765625 0.46614173228346456 0.10498046875 0.7338582677165354
0 0.947509765625 0.46614173228346456 0.10498046875 0.7338582677165354
0 0.947509765625 0.46614173228346456 0.10498046875 0.7338582677165354
0 0.947509765625 0.46614173228346456 0.10498046875 0.7338582677165354
0 0.947509765625 0.46614173228346456 0.10498046875 0.7338582677165354
0 0.947509765625 0.46614173228346456 0.10498046875 0.7338582677165354
0 0.947509765625 0.46614173228346456 0.10498046875 0.7338582677165354
