0 0.8684895833333334 0.6920138888888889 0.19635416666666666 0.6159722222222223
0 0.8684895833333334 0.6920138888888889 0.19635416666666666 0.6159722222222223
0 0.8684895833333334 0.6920138888888889 0.19635416666666666 0.6159722222222223
0 0.8684895833333334 0.6920138888888889 0.19635416666666666 0.6159722222222223
0 0.8684895833333334 0.6920138888888889 0.19635416666666666 0.6159722222222223
0 0.8684895833333334 0.6920138888888889 0.19635416666666666 0.6159722222222223
0 0.8684895833333334 0.6920138888888889 0.19635416666666666 0.6159722222222223
0 0.8684895833333334 0.6920138888888889 0.19635416666666666 0.6159722222222223
0 0.8684895833333334 0.6920138888888889 0.19635416666666666 0.6159722222222223
0 0.8684895833333334 0.6920138888888889 0.19635416666666666 0.6159722222222223
0 0.8684895833333334 0.6920138888888889 0.19635416666666666 0.6159722222222223
0 0.8684895833333334 0.6920138888888889 0.19635416666666666 0.6159722222222223
0 0.8684895833333334 0.6920138888888889 0.19635416666666666 0.6159722222222223
0 0.8684895833333334 0.6920138888888889 0.19635416666666666 0.6159722222222223
0 0.8684895833333334 0.6920138888888889 0.19635416666666666 0.6159722222222223
