0 0.1831818181818182 0.7132152588555858 0.09363636363636364 0.42915531335149865
0 0.1831818181818182 0.7132152588555858 0.09363636363636364 0.42915531335149865
0 0.1831818181818182 0.7132152588555858 0.09363636363636364 0.42915531335149865
0 0.1831818181818182 0.7132152588555858 0.09363636363636364 0.42915531335149865
0 0.1831818181818182 0.7132152588555858 0.09363636363636364 0.42915531335149865
0 0.1831818181818182 0.7132152588555858 0.09363636363636364 0.42915531335149865
0 0.1831818181818182 0.7132152588555858 0.09363636363636364 0.42915531335149865
0 0.1831818181818182 0.7132152588555858 0.09363636363636364 0.42915531335149865
0 0.1831818181818182 0.7132152588555858 0.09363636363636364 0.42915531335149865
0 0.1831818181818182 0.7132152588555858 0.09363636363636364 0.42915531335149865
