0 0.25245098039215685 0.5755725190839694 0.18529411764705883 0.8488549618320611
0 0.25245098039215685 0.5755725190839694 0.18529411764705883 0.8488549618320611
0 0.25245098039215685 0.5755725190839694 0.18529411764705883 0.8488549618320611
0 0.25245098039215685 0.5755725190839694 0.18529411764705883 0.8488549618320611
0 0.25245098039215685 0.5755725190839694 0.18529411764705883 0.8488549618320611
0 0.25245098039215685 0.5755725190839694 0.18529411764705883 0.8488549618320611
0 0.25245098039215685 0.5755725190839694 0.18529411764705883 0.8488549618320611
0 0.25245098039215685 0.5755725190839694 0.18529411764705883 0.8488549618320611
0 0.25245098039215685 0.5755725190839694 0.18529411764705883 0.8488549618320611
0 0.25245098039215685 0.5755725190839694 0.18529411764705883 0.8488549618320611
