0 0.3689271255060729 0.5968790637191157 0.18927125506072875 0.7802340702210663
0 0.3689271255060729 0.5968790637191157 0.18927125506072875 0.7802340702210663
0 0.3689271255060729 0.5968790637191157 0.18927125506072875 0.7802340702210663
0 0.3689271255060729 0.5968790637191157 0.18927125506072875 0.7802340702210663
0 0.3689271255060729 0.5968790637191157 0.18927125506072875 0.7802340702210663
0 0.3689271255060729 0.5968790637191157 0.18927125506072875 0.7802340702210663
0 0.3689271255060729 0.5968790637191157 0.18927125506072875 0.7802340702210663
0 0.3689271255060729 0.5968790637191157 0.18927125506072875 0.7802340702210663
0 0.3689271255060729 0.5968790637191157 0.18927125506072875 0.7802340702210663
0 0.3689271255060729 0.5968790637191157 0.18927125506072875 0.7802340702210663
0 0.3689271255060729 0.5968790637191157 0.18927125506072875 0.7802340702210663
0 0.3689271255060729 0.5968790637191157 0.18927125506072875 0.7802340702210663
