0 0.405 0.5277569392348087 0.23 0.8559639909977494
0 0.405 0.5277569392348087 0.23 0.8559639909977494
0 0.405 0.5277569392348087 0.23 0.8559639909977494
0 0.405 0.5277569392348087 0.23 0.8559639909977494
0 0.405 0.5277569392348087 0.23 0.8559639909977494
0 0.405 0.5277569392348087 0.23 0.8559639909977494
0 0.405 0.5277569392348087 0.23 0.8559639909977494
0 0.405 0.5277569392348087 0.23 0.8559639909977494
0 0.405 0.5277569392348087 0.23 0.8559639909977494
0 0.405 0.5277569392348087 0.23 0.8559639909977494
