0 0.4888461538461538 0.502092050209205 0.10846153846153846 0.48535564853556484
0 0.4888461538461538 0.502092050209205 0.10846153846153846 0.48535564853556484
0 0.4888461538461538 0.502092050209205 0.10846153846153846 0.48535564853556484
0 0.4888461538461538 0.502092050209205 0.10846153846153846 0.48535564853556484
0 0.4888461538461538 0.502092050209205 0.10846153846153846 0.48535564853556484
0 0.4888461538461538 0.502092050209205 0.10846153846153846 0.48535564853556484
0 0.4888461538461538 0.502092050209205 0.10846153846153846 0.48535564853556484
0 0.4888461538461538 0.502092050209205 0.10846153846153846 0.48535564853556484
0 0.4888461538461538 0.502092050209205 0.10846153846153846 0.48535564853556484
0 0.4888461538461538 0.502092050209205 0.10846153846153846 0.48535564853556484
0 0.4888461538461538 0.502092050209205 0.10846153846153846 0.48535564853556484
0 0.4888461538461538 0.502092050209205 0.10846153846153846 0.48535564853556484
0 0.4888461538461538 0.502092050209205 0.10846153846153846 0.48535564853556484
0 0.4888461538461538 0.502092050209205 0.10846153846153846 0.48535564853556484
0 0.4888461538461538 0.502092050209205 0.10846153846153846 0.48535564853556484
0 0.4888461538461538 0.502092050209205 0.10846153846153846 0.48535564853556484
0 0.4888461538461538 0.502092050209205 0.10846153846153846 0.48535564853556484
