0 0.35807692307692307 0.4778138528138528 0.21307692307692308 0.7413419913419913
0 0.35807692307692307 0.4778138528138528 0.21307692307692308 0.7413419913419913
0 0.35807692307692307 0.4778138528138528 0.21307692307692308 0.7413419913419913
0 0.35807692307692307 0.4778138528138528 0.21307692307692308 0.7413419913419913
0 0.35807692307692307 0.4778138528138528 0.21307692307692308 0.7413419913419913
0 0.35807692307692307 0.4778138528138528 0.21307692307692308 0.7413419913419913
0 0.35807692307692307 0.4778138528138528 0.21307692307692308 0.7413419913419913
0 0.35807692307692307 0.4778138528138528 0.21307692307692308 0.7413419913419913
0 0.35807692307692307 0.4778138528138528 0.21307692307692308 0.7413419913419913
0 0.35807692307692307 0.4778138528138528 0.21307692307692308 0.7413419913419913
0 0.35807692307692307 0.4778138528138528 0.21307692307692308 0.7413419913419913
