0 0.198125 0.5977443609022557 0.09875 0.7030075187969925
0 0.198125 0.5977443609022557 0.09875 0.7030075187969925
0 0.198125 0.5977443609022557 0.09875 0.7030075187969925
0 0.198125 0.5977443609022557 0.09875 0.7030075187969925
0 0.198125 0.5977443609022557 0.09875 0.7030075187969925
0 0.198125 0.5977443609022557 0.09875 0.7030075187969925
0 0.198125 0.5977443609022557 0.09875 0.7030075187969925
0 0.198125 0.5977443609022557 0.09875 0.7030075187969925
0 0.198125 0.5977443609022557 0.09875 0.7030075187969925
0 0.198125 0.5977443609022557 0.09875 0.7030075187969925
0 0.198125 0.5977443609022557 0.09875 0.7030075187969925
0 0.198125 0.5977443609022557 0.09875 0.7030075187969925
0 0.198125 0.5977443609022557 0.09875 0.7030075187969925
0 0.198125 0.5977443609022557 0.09875 0.7030075187969925
0 0.198125 0.5977443609022557 0.09875 0.7030075187969925
