1 0.374755859375 0.7347005208333334 0.51708984375 0.4407552083333333
1 0.374755859375 0.7347005208333334 0.51708984375 0.4407552083333333
1 0.374755859375 0.7347005208333334 0.51708984375 0.4407552083333333
1 0.374755859375 0.7347005208333334 0.51708984375 0.4407552083333333
1 0.374755859375 0.7347005208333334 0.51708984375 0.4407552083333333
1 0.374755859375 0.7347005208333334 0.51708984375 0.4407552083333333
1 0.374755859375 0.7347005208333334 0.51708984375 0.4407552083333333
1 0.374755859375 0.7347005208333334 0.51708984375 0.4407552083333333
1 0.374755859375 0.7347005208333334 0.51708984375 0.4407552083333333
1 0.374755859375 0.7347005208333334 0.51708984375 0.4407552083333333
1 0.374755859375 0.7347005208333334 0.51708984375 0.4407552083333333
